/// 4.3 ///
EPS_1000 = 0.0864073
EPS_1700 = 0.0184074
/// 4.3 ///
EPS_1000 = 0.0864073
EPS_1700 = 0.0184074
